Index,Filename,LOD1 境界面のエラー
1,L09_01.gml,2
